VALUE,CLASS_NAME,RED,GREEN,BLUE,OPACITY
0,Background,0.00000000000,0.00000000000,0.00000000000,0.00000000000
1,Corn,1.00000000000,0.82745098039,0.00000000000,1.00000000000
2,Cotton,1.00000000000,0.14901960784,0.14901960784,1.00000000000
3,Rice,0.00000000000,0.65882352941,0.89803921569,1.00000000000
4,Sorghum,1.00000000000,0.61960784314,0.04705882353,1.00000000000
5,Soybeans,0.14901960784,0.43921568628,0.00000000000,1.00000000000
6,Sunflower,1.00000000000,1.00000000000,0.00000000000,1.00000000000
10,Peanuts,0.43921568628,0.64705882353,0.00000000000,1.00000000000
11,Tobacco,0.00000000000,0.68627450980,0.29803921569,1.00000000000
12,Sweet Corn,0.86666666667,0.64705882353,0.04705882353,1.00000000000
13,Pop or Orn Corn,0.86666666667,0.64705882353,0.04705882353,1.00000000000
14,Mint,0.49803921569,0.82745098039,1.00000000000,1.00000000000
21,Barley,0.88627450980,0.00000000000,0.48627450980,1.00000000000
22,Durum Wheat,0.53725490196,0.38823529412,0.32941176471,1.00000000000
23,Spring Wheat,0.84705882353,0.70980392157,0.41960784314,1.00000000000
24,Winter Wheat,0.64705882353,0.43921568628,0.00000000000,1.00000000000
25,Other Small Grains,0.83921568628,0.61960784314,0.73725490196,1.00000000000
26,Dbl Crop WinWht/Soybeans,0.43921568628,0.43921568628,0.00000000000,1.00000000000
27,Rye,0.67843137255,0.00000000000,0.48627450980,1.00000000000
28,Oats,0.62745098039,0.34901960784,0.53725490196,1.00000000000
29,Millet,0.43921568628,0.00000000000,0.28627450980,1.00000000000
30,Speltz,0.83921568628,0.61960784314,0.73725490196,1.00000000000
31,Canola,0.81960784314,1.00000000000,0.00000000000,1.00000000000
32,Flaxseed,0.49803921569,0.60000000000,1.00000000000,1.00000000000
33,Safflower,0.83921568628,0.83921568628,0.00000000000,1.00000000000
34,Rape Seed,0.81960784314,1.00000000000,0.00000000000,1.00000000000
35,Mustard,0.00000000000,0.68627450980,0.29803921569,1.00000000000
36,Alfalfa,1.00000000000,0.64705882353,0.88627450980,1.00000000000
37,Other Hay/Non Alfalfa,0.64705882353,0.94901960784,0.54901960784,1.00000000000
38,Camelina,0.00000000000,0.68627450980,0.29803921569,1.00000000000
39,Buckwheat,0.83921568628,0.61960784314,0.73725490196,1.00000000000
41,Sugarbeets,0.65882352941,0.00000000000,0.89803921569,1.00000000000
42,Dry Beans,0.64705882353,0.00000000000,0.00000000000,1.00000000000
43,Potatoes,0.43921568628,0.14901960784,0.00000000000,1.00000000000
44,Other Crops,0.00000000000,0.68627450980,0.29803921569,1.00000000000
45,Sugarcane,0.69803921569,0.49803921569,1.00000000000,1.00000000000
46,Sweet Potatoes,0.43921568628,0.14901960784,0.00000000000,1.00000000000
47,Misc Vegs & Fruits,1.00000000000,0.40000000000,0.40000000000,1.00000000000
48,Watermelons,1.00000000000,0.40000000000,0.40000000000,1.00000000000
49,Onions,1.00000000000,0.80000000000,0.40000000000,1.00000000000
50,Cucumbers,1.00000000000,0.40000000000,0.40000000000,1.00000000000
51,Chick Peas,0.00000000000,0.68627450980,0.29803921569,1.00000000000
52,Lentils,0.00000000000,0.86666666667,0.68627450980,1.00000000000
53,Peas,0.32941176471,1.00000000000,0.00000000000,1.00000000000
54,Tomatoes,0.94901960784,0.63921568628,0.46666666667,1.00000000000
55,Caneberries,1.00000000000,0.40000000000,0.40000000000,1.00000000000
56,Hops,0.00000000000,0.68627450980,0.29803921569,1.00000000000
57,Herbs,0.49803921569,0.82745098039,1.00000000000,1.00000000000
58,Clover/Wildflowers,0.90980392157,0.74901960784,1.00000000000,1.00000000000
59,Sod/Grass Seed,0.68627450980,1.00000000000,0.86666666667,1.00000000000
60,Switchgrass,0.00000000000,0.68627450980,0.29803921569,1.00000000000
61,Fallow/Idle Cropland,0.74901960784,0.74901960784,0.46666666667,1.00000000000
63,Forest,0.57647058824,0.80000000000,0.57647058824,1.00000000000
64,Shrubland,0.77647058824,0.83921568628,0.61960784314,1.00000000000
65,Barren,0.80000000000,0.74901960784,0.63921568628,1.00000000000
66,Cherries,1.00000000000,0.00000000000,1.00000000000,1.00000000000
67,Peaches,1.00000000000,0.55686274510,0.66666666667,1.00000000000
68,Apples,0.72941176471,0.00000000000,0.30980392157,1.00000000000
69,Grapes,0.43921568628,0.26666666667,0.53725490196,1.00000000000
70,Christmas Trees,0.00000000000,0.46666666667,0.46666666667,1.00000000000
71,Other Tree Crops,0.69803921569,0.60784313726,0.43921568628,1.00000000000
72,Citrus,1.00000000000,1.00000000000,0.49803921569,1.00000000000
74,Pecans,0.70980392157,0.43921568628,0.35686274510,1.00000000000
75,Almonds,0.00000000000,0.64705882353,0.50980392157,1.00000000000
76,Walnuts,0.91764705882,0.83921568628,0.68627450980,1.00000000000
77,Pears,0.69803921569,0.60784313726,0.43921568628,1.00000000000
81,Clouds/No Data,0.94901960784,0.94901960784,0.94901960784,1.00000000000
82,Developed,0.60784313726,0.60784313726,0.60784313726,1.00000000000
83,Water,0.29803921569,0.43921568628,0.63921568628,1.00000000000
87,Wetlands,0.49803921569,0.69803921569,0.69803921569,1.00000000000
88,Nonag/Undefined,0.90980392157,1.00000000000,0.74901960784,1.00000000000
92,Aquaculture,0.00000000000,1.00000000000,1.00000000000,1.00000000000
111,Open Water,0.29803921569,0.43921568628,0.63921568628,1.00000000000
112,Perennial Ice/Snow,0.82745098039,0.88627450980,0.97647058824,1.00000000000
121,Developed/Open Space,0.60784313726,0.60784313726,0.60784313726,1.00000000000
122,Developed/Low Intensity,0.60784313726,0.60784313726,0.60784313726,1.00000000000
123,Developed/Med Intensity,0.60784313726,0.60784313726,0.60784313726,1.00000000000
124,Developed/High Intensity,0.60784313726,0.60784313726,0.60784313726,1.00000000000
131,Barren,0.80000000000,0.74901960784,0.63921568628,1.00000000000
141,Deciduous Forest,0.57647058824,0.80000000000,0.57647058824,1.00000000000
142,Evergreen Forest,0.57647058824,0.80000000000,0.57647058824,1.00000000000
143,Mixed Forest,0.57647058824,0.80000000000,0.57647058824,1.00000000000
152,Shrubland,0.77647058824,0.83921568628,0.61960784314,1.00000000000
176,Grass/Pasture,0.90980392157,1.00000000000,0.74901960784,1.00000000000
190,Woody Wetlands,0.49803921569,0.69803921569,0.69803921569,1.00000000000
195,Herbaceous Wetlands,0.49803921569,0.69803921569,0.69803921569,1.00000000000
204,Pistachios,0.00000000000,1.00000000000,0.54901960784,1.00000000000
205,Triticale,0.83921568628,0.61960784314,0.73725490196,1.00000000000
206,Carrots,1.00000000000,0.40000000000,0.40000000000,1.00000000000
207,Asparagus,1.00000000000,0.40000000000,0.40000000000,1.00000000000
208,Garlic,1.00000000000,0.40000000000,0.40000000000,1.00000000000
209,Cantaloupes,1.00000000000,0.40000000000,0.40000000000,1.00000000000
210,Prunes,1.00000000000,0.55686274510,0.66666666667,1.00000000000
211,Olives,0.20000000000,0.28627450980,0.20000000000,1.00000000000
212,Oranges,0.89803921569,0.43921568628,0.14901960784,1.00000000000
213,Honeydew Melons,1.00000000000,0.40000000000,0.40000000000,1.00000000000
214,Broccoli,1.00000000000,0.40000000000,0.40000000000,1.00000000000
216,Peppers,1.00000000000,0.40000000000,0.40000000000,1.00000000000
217,Pomegranates,0.69803921569,0.60784313726,0.43921568628,1.00000000000
218,Nectarines,1.00000000000,0.55686274510,0.66666666667,1.00000000000
219,Greens,1.00000000000,0.40000000000,0.40000000000,1.00000000000
220,Plums,1.00000000000,0.55686274510,0.66666666667,1.00000000000
221,Strawberries,1.00000000000,0.40000000000,0.40000000000,1.00000000000
222,Squash,1.00000000000,0.40000000000,0.40000000000,1.00000000000
223,Apricots,1.00000000000,0.55686274510,0.66666666667,1.00000000000
224,Vetch,0.00000000000,0.68627450980,0.29803921569,1.00000000000
225,Dbl Crop WinWht/Corn,1.00000000000,0.82745098039,0.00000000000,1.00000000000
226,Dbl Crop Oats/Corn,1.00000000000,0.82745098039,0.00000000000,1.00000000000
227,Lettuce,1.00000000000,0.40000000000,0.40000000000,1.00000000000
229,Pumpkins,1.00000000000,0.40000000000,0.40000000000,1.00000000000
230,Dbl Crop Lettuce/Durum Wht,0.53725490196,0.38823529412,0.32941176471,1.00000000000
231,Dbl Crop Lettuce/Cantaloupe,1.00000000000,0.40000000000,0.40000000000,1.00000000000
232,Dbl Crop Lettuce/Cotton,1.00000000000,0.14901960784,0.14901960784,1.00000000000
233,Dbl Crop Lettuce/Barley,0.88627450980,0.00000000000,0.48627450980,1.00000000000
234,Dbl Crop Durum Wht/Sorghum,1.00000000000,0.61960784314,0.04705882353,1.00000000000
235,Dbl Crop Barley/Sorghum,1.00000000000,0.61960784314,0.04705882353,1.00000000000
236,Dbl Crop WinWht/Sorghum,0.64705882353,0.43921568628,0.00000000000,1.00000000000
237,Dbl Crop Barley/Corn,1.00000000000,0.82745098039,0.00000000000,1.00000000000
238,Dbl Crop WinWht/Cotton,0.64705882353,0.43921568628,0.00000000000,1.00000000000
239,Dbl Crop Soybeans/Cotton,0.14901960784,0.43921568628,0.00000000000,1.00000000000
240,Dbl Crop Soybeans/Oats,0.14901960784,0.43921568628,0.00000000000,1.00000000000
241,Dbl Crop Corn/Soybeans,1.00000000000,0.82745098039,0.00000000000,1.00000000000
242,Blueberries,0.00000000000,0.00000000000,0.60000000000,1.00000000000
243,Cabbage,1.00000000000,0.40000000000,0.40000000000,1.00000000000
244,Cauliflower,1.00000000000,0.40000000000,0.40000000000,1.00000000000
245,Celery,1.00000000000,0.40000000000,0.40000000000,1.00000000000
246,Radishes,1.00000000000,0.40000000000,0.40000000000,1.00000000000
247,Turnips,1.00000000000,0.40000000000,0.40000000000,1.00000000000
248,Eggplants,1.00000000000,0.40000000000,0.40000000000,1.00000000000
249,Gourds,1.00000000000,0.40000000000,0.40000000000,1.00000000000
250,Cranberries,1.00000000000,0.40000000000,0.40000000000,1.00000000000
254,Dbl Crop Barley/Soybeans,0.14901960784,0.43921568628,0.00000000000,1.00000000000
